colormap.map

# Dvorak

0  0  0  0
0  0  0  0
0  0  0  0
0  0  0  0
0  0  0  0
0  0  0  0
1  0  0  0
4  0  0  3

12 0  0  0
0  0  0  2
0  0  0  0
0  0  0  0
0  0  0  0
0  0  0  0
0  0  0  0
0  0  0  0

# ADORE

0  0  0  0
0  0  0  0
0  0  0  0
0  0  0  0
0  0  0  0
0  0  0  0
1  0  0  0
4  0  0 11

12 0  0  0
0  0  0  2
0  0  0  0
0  0  0  0
0  0  0  0
0  0  0  0
0  0  0  0
0  0  0  0

# NAV

15 15 15 11
11 14 10 15
15 10 10 11
11 14 10 15
15 13 13 11
11 13 13 15
15 13 15 10
10 15 15 15

15  5  0  0
5  13  0  0
15  6  6 11
11  5  2  5
15  2  2 11
11  5  2  5
15 15 15 11
15 15 15 15

# AUX

15 15 15 15
15 15 12 15
12 12 12 15
15 15 12 15
12 12 12 15
15 15 12 15
15 15 15 15
15 15 15 15

15 15 15 15
15 15 15 15
15 14 15 15
15 14 14 14
14 14 14 15
15 14 14 14
15 15 15 15
15 15 15 15

# AppSel

15 15 15 15
15 15 15 15
15 15 15 15
15 15 15 15
15 15 15 15
15 15 15 15
15 15 15 15
15 15 15 15

15 15 15 15
15 15 15 15
15 15 15 15
15 15 14 14
15 14 15 15
15 15 14 14
15 15 15 15
15 15 15 15

# Empty

 0  0  0  0
 0  0  0  0
 0  0  0  0
 0  0  0  0
 0  0  0  0
 0  0  0  0
 0  0  0  0
 0  0  0  0

 0  0  0  0
 0  0  0  0
 0  0  0  0
 0  0  0  0
 0  0  0  0
 0  0  0  0
 0  0  0  0
 0  0  0  0
